dateid	type	money_type	category	amount
20141201	1	1	1	204142367
20141201	1	1	29	20332100
20141201	1	1	37	72916000
20141201	1	1	45	56497000
20141201	1	1	47	13868000
20141201	1	1	54	387500
20141201	1	1	60	86756000
20141201	1	1	64	4445000
20141201	1	1	65	970000
20141201	1	1	66	153883000
20141201	1	1	67	108350000
20141201	1	1	70	37480000
20141201	1	1	71	4419000
20141201	1	2	4	6546600
20141201	1	2	8	7605600
20141201	1	2	13	2912500
20141201	2	1	-21	4648390
20141201	2	1	-18	173227500
20141201	2	1	-7	1143000
20141201	2	1	-6	57885000
20141201	2	1	-1	218100200
20141201	2	2	-14	4080000
