dateid	type	money_type	category	amount
20141201	1	1	1	204142367
20141201	1	1	29	20332100
20141201	1	1	37	72916000
20141201	1	1	45	56497000
20141201	1	1	47	13868000
20141201	1	1	54	387500
20141201	1	1	60	86756000
20141201	1	1	64	4445000
20141201	1	1	65	970000
20141201	1	1	66	153883000
20141201	1	1	67	108350000
20141201	1	1	70	37480000
20141201	1	1	71	4419000
20141201	1	2	4	6546600
20141201	1	2	8	7605600
20141201	1	2	13	2912500
20141201	2	1	-21	4648390
20141201	2	1	-18	173227500
20141201	2	1	-7	1143000
20141201	2	1	-6	57885000
20141201	2	1	-1	218100200
20141201	2	2	-14	4080000
20141202	1	1	1	196620526
20141202	1	1	29	19479200
20141202	1	1	37	77062500
20141202	1	1	45	16553000
20141202	1	1	47	12262000
20141202	1	1	54	418500
20141202	1	1	60	82845000
20141202	1	1	64	4865000
20141202	1	1	65	790000
20141202	1	1	66	141240000
20141202	1	1	67	95430000
20141202	1	1	70	31030000
20141202	1	1	71	4374000
20141202	1	2	4	6363000
20141202	1	2	8	7396500
20141202	1	2	13	2695000
20141202	2	1	-21	4421218
20141202	2	1	-18	160537500
20141202	2	1	-7	1150000
20141202	2	1	-6	54140000
20141202	2	1	-1	218990800
20141202	2	2	-14	4186300
20141203	1	1	1	183236214
20141203	1	1	29	18402300
20141203	1	1	37	71789000
20141203	1	1	45	10450000
20141203	1	1	47	11862000
20141203	1	1	54	510500
20141203	1	1	60	76601000
20141203	1	1	64	4775000
20141203	1	1	65	720000
20141203	1	1	66	125920000
20141203	1	1	67	80080000
20141203	1	1	70	25310000
20141203	1	1	71	3011000
20141203	1	2	4	6153400
20141203	1	2	8	7152100
20141203	1	2	13	2687000
20141203	2	1	-21	4239607
20141203	2	1	-18	145392500
20141203	2	1	-7	980000
20141203	2	1	-6	49445000
20141203	2	1	-1	207555800
20141203	2	2	-14	4636500
20141204	1	1	1	184048114
20141204	1	1	29	19060500
20141204	1	1	37	80587500
20141204	1	1	45	1399000
20141204	1	1	47	11928000
20141204	1	1	54	539000
20141204	1	1	60	76104000
20141204	1	1	64	13330000
20141204	1	1	65	580000
20141204	1	1	66	121435000
20141204	1	1	67	119550000
20141204	1	1	70	23400000
20141204	1	1	71	3381000
20141204	1	2	4	6236400
20141204	1	2	8	6893200
20141204	1	2	13	3017000
20141204	2	1	-21	4030466
20141204	2	1	-18	132900000
20141204	2	1	-7	851000
20141204	2	1	-6	49385000
20141204	2	1	-1	175104800
20141204	2	2	-14	4631100
20141205	1	1	1	204361683
20141205	1	1	29	21329700
20141205	1	1	37	72629000
20141205	1	1	45	3000
20141205	1	1	47	11332000
20141205	1	1	54	556500
20141205	1	1	60	86675500
20141205	1	1	64	9370000
20141205	1	1	65	530000
20141205	1	1	66	137786000
20141205	1	1	67	67980000
20141205	1	1	70	26340000
20141205	1	1	71	3052000
20141205	1	2	4	6869000
20141205	1	2	8	7893800
20141205	1	2	13	3190000
20141205	2	1	-21	4144356
20141205	2	1	-18	143355000
20141205	2	1	-16	90000
20141205	2	1	-7	928000
20141205	2	1	-6	56460000
20141205	2	1	-1	210676500
20141205	2	2	-14	5159000
20141206	1	1	1	215172181
20141206	1	1	29	23101300
20141206	1	1	37	86032000
20141206	1	1	45	3000
20141206	1	1	47	11720000
20141206	1	1	54	637000
20141206	1	1	60	93350000
20141206	1	1	64	9625000
20141206	1	1	65	510000
20141206	1	1	66	148270000
20141206	1	1	67	56480000
20141206	1	1	70	31070000
20141206	1	1	71	4460000
20141206	1	2	4	7189800
20141206	1	2	8	8363900
20141206	1	2	13	3325000
20141206	2	1	-21	4626390
20141206	2	1	-18	163122500
20141206	2	1	-7	1137000
20141206	2	1	-6	60915000
20141206	2	1	-1	230334500
20141206	2	2	-14	5639400
20141207	1	1	1	210431318
20141207	1	1	29	22676500
20141207	1	1	37	87339000
20141207	1	1	45	4000
20141207	1	1	47	11680000
20141207	1	1	54	710000
20141207	1	1	60	91847500
20141207	1	1	64	9410000
20141207	1	1	65	510000
20141207	1	1	66	140154000
20141207	1	1	67	36750000
20141207	1	1	70	28790000
20141207	1	1	71	3255000
20141207	1	2	4	7239200
20141207	1	2	8	8367600
20141207	1	2	13	3409500
20141207	2	1	-21	4713670
20141207	2	1	-18	161280000
20141207	2	1	-7	1033000
20141207	2	1	-6	59100000
20141207	2	1	-1	237722400
20141207	2	2	-14	6097200
20141208	1	1	1	179652874
20141208	1	1	29	18471400
20141208	1	1	37	78827000
20141208	1	1	45	1000
20141208	1	1	47	10448000
20141208	1	1	54	713500
20141208	1	1	60	75690000
20141208	1	1	64	7630000
20141208	1	1	65	140000
20141208	1	1	66	105708000
20141208	1	1	67	16980000
20141208	1	1	70	21480000
20141208	1	1	71	2480000
20141208	1	2	4	6465600
20141208	1	2	8	7959100
20141208	1	2	13	3215500
20141208	2	1	-21	4052499
20141208	2	1	-18	134900000
20141208	2	1	-7	889000
20141208	2	1	-6	50465000
20141208	2	1	-1	189889700
20141208	2	2	-14	5815400
20141209	1	1	1	174162359
20141209	1	1	29	17905100
20141209	1	1	37	92639500
20141209	1	1	45	2000
20141209	1	1	47	10408000
20141209	1	1	54	757000
20141209	1	1	60	74494000
20141209	1	1	64	6500000
20141209	1	1	65	230000
20141209	1	1	66	101505000
20141209	1	1	67	14090000
20141209	1	1	70	20290000
20141209	1	1	71	2343000
20141209	1	2	4	6461400
20141209	1	2	8	8048800
20141209	1	2	13	3185000
20141209	2	1	-21	4137624
20141209	2	1	-18	136500000
20141209	2	1	-7	731000
20141209	2	1	-6	49860000
20141209	2	1	-1	200494000
20141209	2	2	-14	6425500
20141210	1	1	1	173642966
20141210	1	1	29	17313500
20141210	1	1	37	106490000
20141210	1	1	45	1000
20141210	1	1	47	9946000
20141210	1	1	54	765500
20141210	1	1	60	74349500
20141210	1	1	64	6720000
20141210	1	1	65	200000
20141210	1	1	66	97611000
20141210	1	1	67	12340000
20141210	1	1	70	20860000
20141210	1	1	71	1725000
20141210	1	2	4	6440000
20141210	1	2	8	7951200
20141210	1	2	13	3096500
20141210	2	1	-21	4015266
20141210	2	1	-18	136185000
20141210	2	1	-7	706000
20141210	2	1	-6	46465000
20141210	2	1	-1	198331300
20141210	2	2	-14	6983600
20141211	1	1	1	168043629
20141211	1	1	20	2305628
20141211	1	1	29	16502500
20141211	1	1	37	88281500
20141211	1	1	47	9588000
20141211	1	1	54	841000
20141211	1	1	60	72986000
20141211	1	1	64	6690000
20141211	1	1	65	200000
20141211	1	1	66	92528000
20141211	1	1	67	9780000
20141211	1	1	70	17780000
20141211	1	1	71	2012000
20141211	1	2	4	6832000
20141211	1	2	8	7878900
20141211	1	2	13	3337000
20141211	2	1	-22	409800
20141211	2	1	-21	3530398
20141211	2	1	-18	149345000
20141211	2	1	-7	669000
20141211	2	1	-6	46280000
20141211	2	1	-1	207076400
20141211	2	2	-14	7100100
20141212	1	1	1	174243753
20141212	1	1	20	2934456
20141212	1	1	29	17468800
20141212	1	1	37	82411500
20141212	1	1	47	10398000
20141212	1	1	54	869000
20141212	1	1	60	76882000
20141212	1	1	64	6965000
20141212	1	1	65	100000
20141212	1	1	66	98508000
20141212	1	1	67	10310000
20141212	1	1	70	19060000
20141212	1	1	71	2546000
20141212	1	2	4	7380600
20141212	1	2	8	8207500
20141212	1	2	13	3492000
20141212	2	1	-22	373800
20141212	2	1	-21	4563192
20141212	2	1	-18	148057500
20141212	2	1	-7	800000
20141212	2	1	-6	49545000
20141212	2	1	-1	212796200
20141212	2	2	-14	7273900
20141213	1	1	1	189484769
20141213	1	1	20	2960388
20141213	1	1	29	19983400
20141213	1	1	37	86184000
20141213	1	1	47	10412000
20141213	1	1	54	940500
20141213	1	1	60	83121000
20141213	1	1	64	7340000
20141213	1	1	65	230000
20141213	1	1	66	108224000
20141213	1	1	67	14460000
20141213	1	1	70	22280000
20141213	1	1	71	2660000
20141213	1	2	4	7772600
20141213	1	2	8	8628100
20141213	1	2	13	3531500
20141213	2	1	-22	323600
20141213	2	1	-21	5189699
20141213	2	1	-18	157202500
20141213	2	1	-7	841000
20141213	2	1	-6	51810000
20141213	2	1	-1	228466200
20141213	2	2	-14	8373900
20141214	1	1	1	188861553
20141214	1	1	20	3083440
20141214	1	1	29	19467000
20141214	1	1	37	93833500
20141214	1	1	47	10774000
20141214	1	1	54	1015000
20141214	1	1	60	82564000
20141214	1	1	64	7325000
20141214	1	1	65	180000
20141214	1	1	66	104723000
20141214	1	1	67	11850000
20141214	1	1	70	20090000
20141214	1	1	71	2363000
20141214	1	2	4	7928400
20141214	1	2	8	8669500
20141214	1	2	13	3404500
20141214	2	1	-22	295000
20141214	2	1	-21	5299736
20141214	2	1	-18	156930000
20141214	2	1	-7	810000
20141214	2	1	-6	52475000
20141214	2	1	-1	221437500
20141214	2	2	-14	8569000
20141215	1	1	1	161284887
20141215	1	1	20	2881216
20141215	1	1	29	15994100
20141215	1	1	37	80692000
20141215	1	1	47	9894000
20141215	1	1	54	1018000
20141215	1	1	60	68601500
20141215	1	1	64	5605000
20141215	1	1	65	130000
20141215	1	1	66	79097000
20141215	1	1	67	6580000
20141215	1	1	70	14310000
20141215	1	1	71	2364000
20141215	1	2	4	7107200
20141215	1	2	8	8192100
20141215	1	2	13	3343000
20141215	2	1	-22	256200
20141215	2	1	-21	4559925
20141215	2	1	-18	134857500
20141215	2	1	-7	645000
20141215	2	1	-6	45485000
20141215	2	1	-1	181476900
20141215	2	2	-14	8390700
20141216	1	1	1	160121345
20141216	1	1	20	3008904
20141216	1	1	29	15775100
20141216	1	1	37	76598000
20141216	1	1	45	1000
20141216	1	1	47	9598000
20141216	1	1	54	1040500
20141216	1	1	60	68183500
20141216	1	1	64	5555000
20141216	1	1	65	120000
20141216	1	1	66	77732000
20141216	1	1	67	6080000
20141216	1	1	70	15070000
20141216	1	1	71	1742000
20141216	1	2	4	7214000
20141216	1	2	8	8217900
20141216	1	2	13	3512000
20141216	2	1	-22	366300
20141216	2	1	-21	4807448
20141216	2	1	-18	132512500
20141216	2	1	-7	643000
20141216	2	1	-6	41975000
20141216	2	1	-1	178467400
20141216	2	2	-14	9021800
20141217	1	1	1	153565348
20141217	1	1	20	3370968
20141217	1	1	29	15246500
20141217	1	1	37	83943500
20141217	1	1	47	9722000
20141217	1	1	54	1038000
20141217	1	1	60	65874000
20141217	1	1	64	4665000
20141217	1	1	65	80000
20141217	1	1	66	72135000
20141217	1	1	67	5210000
20141217	1	1	70	12690000
20141217	1	1	71	1710000
20141217	1	2	4	7125800
20141217	1	2	8	8026900
20141217	1	2	13	3510000
20141217	2	1	-22	236700
20141217	2	1	-21	4551145
20141217	2	1	-18	122935000
20141217	2	1	-7	545000
20141217	2	1	-6	42705000
20141217	2	1	-1	167558500
20141217	2	2	-14	8989400
20141218	1	1	1	162872076
20141218	1	1	20	2508792
20141218	1	1	29	15308800
20141218	1	1	37	196411000
20141218	1	1	47	9652000
20141218	1	1	54	1127000
20141218	1	1	60	66410500
20141218	1	1	64	5180000
20141218	1	1	65	90000
20141218	1	1	66	67555000
20141218	1	1	67	4990000
20141218	1	1	70	16350000
20141218	1	1	71	1991000
20141218	1	2	4	7079800
20141218	1	2	8	7515500
20141218	1	2	13	3626500
20141218	2	1	-22	209800
20141218	2	1	-21	4391492
20141218	2	1	-18	263225500
20141218	2	1	-7	523000
20141218	2	1	-6	42495000
20141218	2	1	-1	242989500
20141218	2	2	-14	8996100
20141219	1	1	1	5343859
20141219	1	1	20	22996
20141219	1	1	29	542900
20141219	1	1	37	7569000
20141219	1	1	60	1703000
20141219	1	1	64	295000
20141219	1	1	66	2246000
20141219	1	1	67	60000
20141219	1	1	70	600000
20141219	1	1	71	50000
20141219	1	2	4	109200
20141219	1	2	8	4800
20141219	1	2	13	286500
20141219	2	1	-22	7900
20141219	2	1	-21	101196
20141219	2	1	-18	7685500
20141219	2	1	-7	12000
20141219	2	1	-6	1230000
20141219	2	1	-1	7172800
20141219	2	2	-14	174700
